Name function:just_wait
args:(10,)
n_threads:1
seq_iter:16
iter:2
mean:16.17817615
variance:9.718828780503492e-05

Name function:just_wait
args:(10,)
n_threads:2
seq_iter:8
iter:2
mean:8.07899605
variance:1.373404050036219e-07

Name function:just_wait
args:(10,)
n_threads:4
seq_iter:4
iter:2
mean:4.0351754
variance:3.8419624820053924e-05

Name function:just_wait
args:(10,)
n_threads:8
seq_iter:2
iter:2
mean:2.0276764999999983
variance:4.743816019998221e-06

